../../data/files/.DS_Store,0.25,0.25,0.25,0.25,0
../../data/files/essay1.csv,0.22329059829059827,0.11645299145299143,0.33012820512820507,0.3301282051282051,3
../../data/files/essay10.csv,0.25,0.25,0.25,0.25,0
../../data/files/essay100.csv,0.25,0.25,0.25,0.25,0
../../data/files/essay1000.csv,0.2987858664536316,4.5353172225550905E-4,0.627492344051661,0.07326825777245188,2
../../data/files/essay1001.csv,0.29827190314307866,0.20284636488340194,0.49881463589193076,6.70960815888352E-5,2
../../data/files/essay1002.csv,0.2242471065866812,4.544628249409199E-5,0.4151214930618676,0.36058595406895716,2
../../data/files/essay1003.csv,0.3917531799476244,1.052188552188552E-4,0.6080363823419378,1.052188552188552E-4,2
../../data/files/essay1004.csv,0.5970224395857309,0.37086849507735586,0.0320371435877765,7.192174913693901E-5,0
../../data/files/essay1005.csv,0.08453811490799851,0.6472910668836316,4.693954187007135E-5,0.2681238786664998,1
../../data/files/essay1006.csv,0.3071178297933825,0.31343917064008087,0.3793617251842219,8.127438231469442E-5,2
../../data/files/essay1007.csv,0.005427335369195834,0.5442457520945894,0.11896582100070471,0.3313610915355102,1
../../data/files/essay1008.csv,0.189264088289872,0.39924553179021394,0.38256095972914017,0.02892942019077383,1
../../data/files/essay1009.csv,0.4100718438082703,1.2339585389930897E-4,0.5896813644839312,1.2339585389930897E-4,2
../../data/files/essay101.csv,0.2027935132733533,0.23796697397163907,0.5415694768410529,0.017670035913954607,2
../../data/files/essay1010.csv,0.4642483022684582,9.843230747001881E-4,0.5328800028897557,0.0018873717670856796,2
../../data/files/essay1011.csv,0.00620895669777317,0.1995959446337168,0.49914004509619964,0.2950550535723103,2
../../data/files/essay1012.csv,0.20375744571080157,0.5095006097274987,0.16740830636461707,0.11933363819708268,1
../../data/files/essay1013.csv,0.6479074511704942,0.34543719323759314,0.0030751984487668907,0.003580157143145692,0
../../data/files/essay1014.csv,0.4668621309246309,0.5330286033411034,5.463286713286714E-5,5.463286713286714E-5,1
../../data/files/essay1015.csv,0.10078686464702186,0.5275479244242172,0.2808386582693575,0.0908265526594033,1
../../data/files/essay1016.csv,0.023816510172143965,0.7378227699530516,0.2313114799910575,0.0070492398837469295,1
../../data/files/essay1017.csv,0.29404865244708994,0.45525896990740744,0.2366949818121693,0.013997395833333327,1
../../data/files/essay1018.csv,0.06429223956397868,0.4134499256781866,0.4033855134398613,0.11887232131797348,1
../../data/files/essay1019.csv,0.5355891489669122,0.4642483022684583,8.127438231469442E-5,8.127438231469442E-5,0
../../data/files/essay102.csv,5.6805271529197925E-5,0.6678343305814335,0.017729556413946333,0.314379307733091,1
../../data/files/essay1020.csv,0.5048854934258055,0.15540564947261956,0.33962758271926025,8.127438231469442E-5,0
../../data/files/essay1021.csv,0.13651304839890818,0.6736776845749284,3.744757339724386E-5,0.1897718194527661,1
../../data/files/essay1022.csv,0.4555779431011917,7.749535027898326E-5,0.30489253978094655,0.2394520217675829,0
../../data/files/essay1023.csv,0.015181054286059724,0.1617775964212308,0.7073585418933624,0.11568280739934712,2
../../data/files/essay1024.csv,0.15168632940078652,0.347202781665889,0.48606389833144487,0.01504699060187962,2
../../data/files/essay1025.csv,0.13152097448998484,0.27869413899070683,0.5897015809544967,8.330556481172941E-5,2
../../data/files/essay1026.csv,0.6138041810510165,0.0759893236159059,0.3101345735839407,7.192174913693901E-5,0
../../data/files/essay1027.csv,0.4221763085399449,0.32072188157232145,0.24074320921828254,0.016358600669451114,0
../../data/files/essay1028.csv,0.027256342243079643,0.5492586546963206,0.12700922714185314,0.29647577591874674,1
../../data/files/essay1029.csv,0.19456490702073742,0.6612458507334833,0.077671592247564,0.06651764999821538,1
../../data/files/essay103.csv,0.4425285204323623,0.021274869567388104,0.5011919918120773,0.03500461818817244,2
../../data/files/essay1030.csv,0.32732635903315177,0.24731298366294066,0.36912439094296357,0.05623626636094395,2
../../data/files/essay1031.csv,0.22122258572640252,0.33936144432327636,0.4201401510561816,0.019275818894139502,2
../../data/files/essay1032.csv,0.31454711939716,0.4714116304902579,6.754931099702784E-5,0.2139737008015852,1
../../data/files/essay1033.csv,0.4660564746732025,1.1488970588235294E-4,0.3486136642156863,0.18521497140522875,0
../../data/files/essay1034.csv,0.30368325294067866,0.6813171701785563,9.520182787509522E-5,0.0149043750528899,1
../../data/files/essay1035.csv,0.0011967750062988158,0.4988032249937013,0.12831833069928308,0.371681669300717,1
../../data/files/essay1036.csv,0.47773439979686416,0.47773439979686416,0.007453606720413042,0.037077593685858785,0
../../data/files/essay1037.csv,0.13397807263439854,0.4714020224672439,0.17135426400049836,0.22326564089785916,1
../../data/files/essay1038.csv,0.02252338844034346,0.8929151181169634,0.08446537656456916,9.611687812379854E-5,1
../../data/files/essay1039.csv,0.4176644242835689,0.2772583266473287,0.19548334670534262,0.10959390236375981,0
../../data/files/essay104.csv,0.4308668147250824,0.3669324988222626,0.2020492630728851,1.5142337976983646E-4,0
../../data/files/essay1040.csv,0.5869640903212971,0.40957094068105715,7.460459564309162E-5,0.00339036440200272,0
../../data/files/essay1041.csv,6.754931099702784E-5,0.3017878050977213,0.4841709447896965,0.2139737008015852,2
../../data/files/essay1042.csv,0.2361197862447081,0.5276042751058365,0.1910090915400097,0.04526684710944548,1
../../data/files/essay1043.csv,0.32015521017605936,0.06059409485300312,0.41597696066043294,0.2032737343105046,2
../../data/files/essay1044.csv,0.4818718381112985,0.4223145694477904,0.07835461334618167,0.017458979094729515,0
../../data/files/essay1045.csv,0.6718004218004219,0.3055000555000555,2.4975024975024975E-4,0.02244977244977244,0
../../data/files/essay1046.csv,0.36565087991718426,0.3915307971014493,0.21252803657694963,0.030290286404416847,1
../../data/files/essay1047.csv,0.21253393984273072,0.044157057724179265,0.7432296625409923,7.933989209774674E-5,2
../../data/files/essay1048.csv,0.06379297785547786,0.5821981837606838,0.34788388694638694,0.006124951437451435,1
../../data/files/essay1049.csv,0.38321420522231886,7.24427702115329E-5,0.6166409092372581,7.24427702115329E-5,2
../../data/files/essay105.csv,0.25,0.25,0.25,0.25,0
../../data/files/essay1050.csv,0.32116326256833344,0.18701160411845588,0.4917874031592715,3.773015393902807E-5,2
../../data/files/essay1051.csv,0.3609005633966429,0.1510788755299994,0.3717909624208631,0.11622959865249466,2
../../data/files/essay1052.csv,0.19395466997961264,0.5654665201325177,0.027112799439347603,0.2134660104485219,1
../../data/files/essay1053.csv,0.5784164275466285,0.3582267256496095,4.483500717360114E-5,0.06331201179658856,0
../../data/files/essay1054.csv,0.07482190407027008,0.7426816405574574,3.8904450669156547E-5,0.1824575509216032,1
../../data/files/essay1055.csv,0.5575746143527834,0.007049239883746928,0.31654510395707575,0.11883104180639391,0
../../data/files/essay1056.csv,0.4118386541706343,0.35587380343807945,0.21637932474648752,0.01590821764479862,0
../../data/files/essay1057.csv,0.28647339115536996,0.40068975978869975,0.3110120641039369,0.0018247849519934319,1
../../data/files/essay1058.csv,0.12444642286444779,0.3862066079228111,0.4387108310885875,0.05063613812415346,2
../../data/files/essay1059.csv,0.7220505674704147,0.25656326992204853,0.021295286562462136,9.087604507451837E-5,0
../../data/files/essay106.csv,0.5142353837364313,0.34918745635751924,0.1280655536511564,0.008511606254893247,0
../../data/files/essay1060.csv,0.20821982650360324,0.3536051701153423,0.4048039954404065,0.03337100794064799,2
../../data/files/essay1061.csv,0.10489738676442001,0.33539531783720744,0.5415937682246107,0.018113527173762113,2
../../data/files/essay1062.csv,0.2123642517494134,0.7486087750991506,4.672023920762474E-5,0.03898025291222824,1
../../data/files/essay1063.csv,0.16102194414218354,0.5380924313867731,0.14061933260790715,0.16026629186313626,1
../../data/files/essay1064.csv,0.11594412078587799,0.37268409174408235,0.20735579698735107,0.3040159904826887,1
../../data/files/essay1065.csv,0.28991670612804915,0.45170837431246125,0.22890333782585992,0.029471581733629588,1
../../data/files/essay1066.csv,0.17796632674739749,0.3359756745272998,0.30322303661213795,0.1828349621131648,1
../../data/files/essay1067.csv,0.3174376493428912,0.6235905764635604,8.400537634408603E-5,0.058887768817204304,1
../../data/files/essay1068.csv,0.227592388306674,0.6964285714285714,6.894649751792611E-5,0.07591009376723663,1
../../data/files/essay1069.csv,0.2624411871154542,0.24283689226685967,0.3011471025857562,0.19357481803192983,2
../../data/files/essay107.csv,0.25,0.25,0.25,0.25,0
../../data/files/essay1070.csv,0.5751645649932589,0.2281901816163058,0.19250138789753354,0.004143865492901893,0
../../data/files/essay1071.csv,0.6126329172445678,0.37890404273899425,6.999023989315249E-4,0.007763137617506549,0
../../data/files/essay1072.csv,0.008912997589129976,0.6485712539857125,0.2613877501138775,0.08112799831127997,1
../../data/files/essay1073.csv,0.4994672012714925,0.11838065308481432,0.31885746279439386,0.06329468284929922,0
../../data/files/essay1074.csv,0.373755574398593,0.3168338986244582,0.18257725645374034,0.12683327052320836,0
../../data/files/essay1075.csv,0.022187813469568666,0.19773077192245783,0.3394481769193085,0.4406332376886649,3
../../data/files/essay1076.csv,0.26801812563710503,0.3703531154434251,0.2086877229867482,0.15294103593272174,1
../../data/files/essay1077.csv,0.8219530678373576,0.1778117487195568,1.1759172154280338E-4,1.1759172154280338E-4,0
../../data/files/essay1078.csv,0.6148690923091731,0.18613036224211502,0.189739949305355,0.009260596143356755,0
../../data/files/essay1079.csv,0.817582470272344,0.12873193964966118,0.053613668328858215,7.192174913693901E-5,0
../../data/files/essay108.csv,0.25,0.25,0.25,0.25,0
../../data/files/essay1080.csv,0.6635059164334465,0.03872072470172337,0.2977181224529877,5.5236411842686694E-5,0
../../data/files/essay1081.csv,0.4768881710506075,0.2670913876497633,0.161552068912475,0.0944683723871541,0
../../data/files/essay1082.csv,0.4741113375219336,0.521516103469746,0.003601347144393502,7.71211863927096E-4,1
../../data/files/essay1083.csv,7.350779182593356E-5,0.25490051945506226,0.28430363618543564,0.4607223365676762,3
../../data/files/essay1084.csv,0.25,0.25,0.25,0.25,0
../../data/files/essay1085.csv,0.15376914929344598,0.6304024903769151,5.8126017205301114E-5,0.21577023431243378,1
../../data/files/essay1086.csv,0.3165939293858614,0.19077809231737045,0.4306145317291814,0.0620134465675867,2
../../data/files/essay1087.csv,0.26418449860777365,0.023882404546668182,0.711890185757333,4.29110882251974E-5,2
../../data/files/essay1088.csv,0.645910209102091,1.5375153751537513E-4,0.35378228782287824,1.5375153751537513E-4,0
../../data/files/essay1089.csv,0.03930528948488719,0.6652365368241805,0.15305050021285654,0.14240767347807579,1
../../data/files/essay109.csv,0.5927886051373955,0.23063209378733573,0.17462850955794504,0.0019507915173237753,0
../../data/files/essay1090.csv,0.648971688034188,0.3503120143745144,5.463286713286714E-5,6.616647241647242E-4,0
../../data/files/essay1091.csv,0.20298943464875452,0.7251346907360762,0.017571018751749226,0.054304855863420085,1
../../data/files/essay1092.csv,0.0343717816683831,0.5440601518098944,4.29110882251974E-5,0.42152515543349733,1
../../data/files/essay1093.csv,0.005651358568254551,0.7766617745979331,0.2003149269247233,0.01737193990908906,1
../../data/files/essay1094.csv,0.6976920246787799,0.12105196128374936,0.1627964566706289,0.018459557366842138,0
../../data/files/essay1095.csv,0.8913903337667968,0.003693469151856666,8.127438231469442E-5,0.10483492269903191,0
../../data/files/essay1096.csv,0.4723580744150364,0.3269163150492264,0.142317158931083,0.058408451604654146,0
../../data/files/essay1097.csv,0.07213038669668602,0.20544002053955845,0.4932900817632421,0.2291395110005135,2
../../data/files/essay1098.csv,0.7045421969957575,0.2953288040362343,6.449948400412798E-5,6.449948400412798E-5,0
../../data/files/essay1099.csv,0.5100256506506505,0.04080643143143143,0.298877002002002,0.1502909159159159,0
../../data/files/essay11.csv,0.4801768354505875,0.2438495258543568,0.2595052782250849,0.016468360469970775,0
../../data/files/essay110.csv,0.25,0.25,0.25,0.25,0
../../data/files/essay1100.csv,0.25454435288414934,0.6679121559756559,0.009485915872246457,0.06805757526794855,1
../../data/files/essay1101.csv,0.5186591103507271,0.05351796407185629,0.42776946107784436,5.346449957228401E-5,0
../../data/files/essay1102.csv,0.6595755086071988,0.14398194723898952,0.18729739548401525,0.009145148669796559,0
../../data/files/essay1103.csv,0.011688341956835872,0.7431322736524806,0.17367034913531904,0.07150903525536445,1
../../data/files/essay1104.csv,0.3510025644426759,0.39963854622628997,0.05863399212981387,0.19072489720122032,1
../../data/files/essay1105.csv,0.23183338817593505,0.5828260392673027,1.2339585389930897E-4,0.1852171767028628,1
../../data/files/essay1106.csv,0.5090897420705455,0.45823458545641277,4.44365446142908E-5,0.03263123592842754,0
../../data/files/essay1107.csv,0.1670278595573002,0.1493089630356559,0.4532561879838622,0.2304069894231818,2
../../data/files/essay1108.csv,0.2010935535613647,0.06561863267871852,0.5522445484891837,0.1810432652707331,2
../../data/files/essay1109.csv,0.3654878108003108,0.12995945027195027,0.5026770104895105,0.001875728438228439,2
../../data/files/essay111.csv,0.25,0.25,0.25,0.25,0
../../data/files/essay1110.csv,0.453248662510501,0.5466518547994872,4.974134500596896E-5,4.974134500596896E-5,1
../../data/files/essay1111.csv,0.11116555599111456,0.06325406158804825,0.5238577464175269,0.30172263600331023,2
../../data/files/essay1112.csv,0.3376117991056071,0.5676599587203303,0.003647804150900128,0.09108043802316247,1
../../data/files/essay1113.csv,0.2969464942209527,0.5925110423444155,0.002043164325954137,0.10849929910867782,1
../../data/files/essay1114.csv,0.126924290986791,0.42922615578865586,0.08928831585081587,0.3545612373737374,1
../../data/files/essay1115.csv,0.27314429076635377,0.2523144290766354,0.34118850561943387,0.13335277453757707,2
../../data/files/essay1116.csv,0.007905249220135104,0.38829978231109324,0.38493345900940334,0.21886150945936847,1
../../data/files/essay1117.csv,0.4246748360743846,0.5545612526425168,8.061915511125443E-5,0.02068329212798739,1
../../data/files/essay1118.csv,0.34630625714582686,5.846585594013096E-5,0.22937454526556492,0.42426073173266815,3
../../data/files/essay1119.csv,0.13852848666809636,0.5224611003884003,0.2645203374079634,0.07449007553553982,1
../../data/files/essay112.csv,0.25,0.25,0.25,0.25,0
../../data/files/essay1120.csv,0.06377159741958767,0.6147031623584609,0.2526785311499075,0.06884670907204403,1
../../data/files/essay1121.csv,0.9293478260869564,0.07030154277699859,1.753155680224404E-4,1.753155680224404E-4,0
../../data/files/essay1122.csv,0.1251592501592501,0.2844094094094094,0.3253594503594504,0.26507189007189,2
../../data/files/essay1123.csv,0.5053788442460319,0.4630094659391535,4.6502976190476195E-5,0.03156518683862433,0
../../data/files/essay1124.csv,0.23417693506125634,0.5745388074498973,4.824375044260321E-4,0.19080181998442036,1
../../data/files/essay1125.csv,0.3106328482705471,1.0199918400652796E-4,0.6064304818894782,0.08283467065596807,2
../../data/files/essay1126.csv,0.2608871469453777,0.18667679837892603,0.4750750990952559,0.07736095558044047,2
../../data/files/essay1127.csv,0.5889330975537873,0.3979289940828403,0.001751343263279603,0.011386565100092947,0
../../data/files/essay1128.csv,3.45972875726543E-5,0.27219992619245315,0.2141533659316665,0.5136121105883077,3
../../data/files/essay1129.csv,0.11833619948409287,0.547064583930448,1.0748065348237313E-4,0.3344917359319767,1
../../data/files/essay113.csv,0.25,0.25,0.25,0.25,0
../../data/files/essay1130.csv,0.3179645707270017,0.46266333421029565,0.21784471922593468,0.0015273758367681022,1
../../data/files/essay1131.csv,0.23809863848424262,0.6602002602431053,0.012766193785902442,0.08893490748674984,1
../../data/files/essay1132.csv,0.051201148069513244,0.14752889832507668,0.1612900055044429,0.6399799481009671,3
../../data/files/essay1133.csv,0.036855436689873775,0.796746759495104,0.06444925567442122,0.10194854814060114,1
../../data/files/essay1134.csv,0.004563109991935352,0.6600215605918462,0.24938280748531078,0.08603252193090734,1
../../data/files/essay1135.csv,0.5584297268067898,0.17932124888324635,0.10996496920110971,0.1522840551088541,0
../../data/files/essay1136.csv,0.2723030180612365,0.43936524768974394,0.13848490969381744,0.14984682455520204,1
../../data/files/essay1137.csv,0.2629853265809635,0.4289089440043861,0.23773608045131228,0.0703696489633381,1
../../data/files/essay1138.csv,0.45503784496321814,0.37105604456350727,0.1547231789769103,0.01918293149636433,0
../../data/files/essay1139.csv,0.1967931759598426,0.6385582010582012,0.05773470356803691,0.10691391941391942,1
../../data/files/essay114.csv,0.19541171062460494,0.41328602348254134,4.309601792794347E-5,0.3912591698749257,1
../../data/files/essay1140.csv,0.6324251464441647,0.24786354666790966,0.09831181342158828,0.021399493466337256,0
../../data/files/essay1141.csv,0.4351488814829336,0.10787100568515977,0.13618789344137314,0.3207922193905335,0
../../data/files/essay1142.csv,0.10841141099146971,0.6953534082257337,3.4960145434205E-5,0.1962002206373623,1
../../data/files/essay1143.csv,0.33610832217759934,0.615001673360107,4.1834002677376177E-5,0.048848170459616244,1
../../data/files/essay1144.csv,0.16114472648563555,0.513286271808999,0.21238767545585724,0.11318132624950805,1
../../data/files/essay1145.csv,0.21843434343434343,0.5511607491221224,0.07862422508345256,0.15178068236008155,1
../../data/files/essay1146.csv,0.23836386654751265,0.4090271571839937,0.3525531228279217,5.5853440571939244E-5,1
../../data/files/essay1147.csv,0.3727502495250974,0.61342123056119,0.0016822821082455967,0.01214623780546702,1
../../data/files/essay1148.csv,5.9157595835305265E-5,0.2840156176053006,0.4503141925645476,0.2656110322343167,2
../../data/files/essay1149.csv,0.7339276220855168,0.265901496164654,8.54408749145591E-5,8.54408749145591E-5,0
../../data/files/essay115.csv,0.25,0.25,0.25,0.25,0
../../data/files/essay1150.csv,0.8050795464161801,0.09000803926546501,0.10481721249047984,9.520182787509522E-5,0
../../data/files/essay1151.csv,0.001875728438228439,0.3636667152292153,0.5415270493395493,0.09293050699300702,2
../../data/files/essay1152.csv,0.285181576818332,0.41650713886894786,0.28746054535717136,0.010850738955548719,1
../../data/files/essay1153.csv,0.49535926814104275,0.44206856736832756,0.06237232436273204,1.9984012789768182E-4,0
../../data/files/essay1154.csv,0.007447832768612639,0.8725814216149159,0.005596289507304339,0.11437445610916701,1
../../data/files/essay1155.csv,0.6706730769230769,0.2742493252361673,0.005749550157444893,0.04932804768331084,0
../../data/files/essay1156.csv,0.13918047066465877,0.40972406767649927,0.25212227241857854,0.1989731892402634,1
../../data/files/essay1157.csv,0.036622233471132484,0.59484940521387,0.1252074017829523,0.24332095953204533,1
../../data/files/essay1158.csv,0.4891472634415089,0.348901154140025,0.13526460771303336,0.026686974705432905,0
../../data/files/essay1159.csv,0.1498780876857169,0.12082421839394769,0.7292464223862911,5.127153404429861E-5,2
../../data/files/essay116.csv,0.1599744547484115,0.02097823286965482,0.6574628627855058,0.16158444959642795,2
../../data/files/essay1160.csv,0.4192090977805264,0.35507570031379554,0.20676721867198058,0.01894798323369752,0
../../data/files/essay1161.csv,0.28131235935974186,0.2501769059850833,0.39948555739537783,0.06902517725979705,2
../../data/files/essay1162.csv,0.29286507764012654,0.7015926489410513,5.433601391001956E-5,0.005487937404911977,1
../../data/files/essay1163.csv,0.29147551862431115,0.3614429152601056,0.3470166479125191,6.491820306413918E-5,1
../../data/files/essay1164.csv,0.38445371435877773,0.6154024421429486,7.192174913693901E-5,7.192174913693901E-5,1
../../data/files/essay1165.csv,0.2661878623704971,0.7319230586446154,5.346449957228401E-5,0.0018356144853150826,1
../../data/files/essay1166.csv,0.42673758239171383,0.28108080273069685,0.2891728460451977,0.0030087688323917135,0
../../data/files/essay1167.csv,0.5394740959802218,0.38221924924502026,3.520630897056752E-5,0.07827144846578728,0
../../data/files/essay1168.csv,0.4087127845884414,0.512494324447039,0.06655802036712721,0.012234870597392488,1
../../data/files/essay1169.csv,0.7462521600574519,0.24186471868758275,0.011832626405439983,5.0494849525348405E-5,0
../../data/files/essay117.csv,0.7715867603499347,0.1576513742508783,7.749535027898326E-5,0.0706843700489082,0
../../data/files/essay1170.csv,0.19808268134840146,7.24427702115329E-5,0.763136288998358,0.03870858688302908,2
../../data/files/essay1171.csv,0.15120556526806528,0.5281723484848486,0.30660572066822067,0.014016365578865578,1
../../data/files/essay1172.csv,0.44908320035044913,0.4123173440971245,0.11584373728840076,0.022755718264025785,0
../../data/files/essay1173.csv,0.7260919440088285,0.26070889237381656,0.013133821223209618,6.53423941453215E-5,0
../../data/files/essay1174.csv,0.36354368795522934,0.0014693889029500269,0.6349236480215981,6.327512022272843E-5,2
../../data/files/essay1175.csv,0.3418586001998212,0.6396184992375243,5.9157595835305265E-5,0.01846374296681916,1
../../data/files/essay1176.csv,0.19586910679319175,0.6094605111211527,5.648441030275644E-5,0.19461389767535267,1
../../data/files/essay1177.csv,0.30283254794973546,0.5627325148809524,5.632027116402116E-4,0.13387173445767198,1
../../data/files/essay1178.csv,0.028782795308910654,0.8909820457018499,0.07109932293555797,0.009135836053681536,1
../../data/files/essay1179.csv,0.5868802475945335,0.4053211374639947,6.894649751792611E-5,0.0077296684439541585,0
../../data/files/essay118.csv,6.171315724512466E-5,0.499938286842755,6.171315724512466E-5,0.4999382868427549,1
../../data/files/essay1180.csv,0.4713875081588594,0.39042652005824174,0.0916867500125521,0.04649922177034694,0
../../data/files/essay1181.csv,0.07212142888108555,0.589635626652794,0.2910489010274418,0.04719404343867863,1
../../data/files/essay1182.csv,0.2834935638498411,0.2538711154198309,0.24107960359778102,0.22155571713254701,0
../../data/files/essay1183.csv,0.37651509541089634,0.08707324298304081,0.5252474758695599,0.011164185736502996,2
../../data/files/essay1184.csv,0.3825073356060992,0.5762860631964586,3.816211265455655E-5,0.041168439084787734,1
../../data/files/essay1185.csv,0.34940382836691203,0.4182701974504364,0.18754272730928537,0.04478324687336631,1
../../data/files/essay1186.csv,0.435754270544783,0.4453726146506618,0.02841739766081872,0.09045571714373656,1
../../data/files/essay1187.csv,0.0010051169590643274,0.847419398276393,0.12027258387196064,0.03130290089258234,1
../../data/files/essay1188.csv,0.5595494789114314,0.03927766343232383,0.401099349864419,7.350779182593356E-5,0
../../data/files/essay1189.csv,0.16474726216921937,0.7279024903542617,8.76885303402315E-5,0.10726255894617873,1
../../data/files/essay119.csv,0.2208824796682286,0.390538320676469,0.2175162923466365,0.1710629073086659,1
../../data/files/essay1190.csv,0.22342916846807898,0.4570122976413508,0.31530119613777197,0.0042573377527981935,1
../../data/files/essay1191.csv,0.47723151548120946,1.0199918400652796E-4,0.5202978376172991,0.002368647717484926,2
../../data/files/essay1192.csv,0.6036898384871358,4.565376186997808E-5,0.39571158996834677,5.529177826475124E-4,0
../../data/files/essay1193.csv,0.3712649038109868,0.6035083388193988,0.012384792626728112,0.012841964742886404,1
../../data/files/essay1194.csv,0.27409914583117195,0.6359105370543278,0.08995141266383096,3.8904450669156547E-5,1
../../data/files/essay1195.csv,0.32361052844202054,0.3473057381252039,0.1534711539955562,0.17561257943721933,1
../../data/files/essay1196.csv,0.171526068726643,0.6625934281287029,0.0017603226688542519,0.16412018047579985,1
../../data/files/essay1197.csv,0.015390390390390394,0.45434975792118654,0.3011353189924618,0.22912453269596128,1
../../data/files/essay1198.csv,0.2486254068795636,0.25852247734670536,0.4850554235946159,0.007796692179114982,2
../../data/files/essay1199.csv,0.5717767076121348,0.3437848967057511,6.339568211427504E-4,0.08380443886097154,0
../../data/files/essay12.csv,0.25,0.25,0.25,0.25,0
../../data/files/essay120.csv,0.6442196455802703,0.29650444339275384,5.9157595835305265E-5,0.05921675343114056,0
../../data/files/essay1200.csv,0.47422764696829806,0.3357234918436442,0.15153220221606647,0.03851665897199139,0
../../data/files/essay1201.csv,1.4076576576576576E-4,0.470924049049049,0.025165790790790794,0.5037693943943943,3
../../data/files/essay1202.csv,0.47191540235722296,0.4586904081762204,4.760997905160921E-5,0.06934657948750503,0
../../data/files/essay1203.csv,0.6570308346624136,0.2592560947824106,8.54408749145591E-5,0.08362762968026126,0
../../data/files/essay1204.csv,0.7830667999333666,0.0015131323227275252,0.2152951302126714,1.2493753123438278E-4,0
../../data/files/essay1205.csv,0.581536794755753,0.40325434049205955,0.011718642859102006,0.0034902218930853834,0
../../data/files/essay1206.csv,0.013871042581289931,0.9119864724988399,0.011194096441446264,0.06294838847842382,1
../../data/files/essay1207.csv,1.2813941568426448E-4,0.32190044991172617,0.49275300415741213,0.18521840651517743,2
../../data/files/essay1208.csv,0.3060655600268276,0.414354180639392,0.25576374916163647,0.02381651017214397,1
../../data/files/essay1209.csv,0.26607764038703263,0.3420810313075507,0.03441345844660763,0.3574278698588091,3
../../data/files/essay121.csv,0.25,0.25,0.25,0.25,0
../../data/files/essay1210.csv,0.245650311839182,0.36342648357825424,0.1599949142107658,0.230928290371798,1
../../data/files/essay1211.csv,0.20532048495387145,0.1537981612970745,0.38484358144552316,0.25603777230353086,2
../../data/files/essay1212.csv,0.5898820465686274,0.2554253472222222,0.0013914419934640517,0.15330116421568626,0
../../data/files/essay1213.csv,0.3743454290666372,0.37526735995869753,0.22637552089095403,0.024011690083711325,1
../../data/files/essay1214.csv,0.44517193904690383,0.41544635313996053,0.013368691135517382,0.12601301667761822,0
../../data/files/essay1215.csv,0.5541520327799064,0.44439788207747977,5.986590038314177E-5,0.0013902192422307368,0
../../data/files/essay1216.csv,0.5541520327799064,0.4384112920391656,5.986590038314177E-5,0.007376809280544908,0
../../data/files/essay1217.csv,0.27942736828144166,0.20565171258993997,0.25124340992738486,0.26367750920123345,0
../../data/files/essay1218.csv,0.19310330813622695,0.5182272616435015,0.2608374651169092,0.02783196510336231,1
../../data/files/essay1219.csv,0.3324532622440959,0.03938104514850131,0.4375491301821662,0.19061656242523672,2
../../data/files/essay122.csv,0.17526242023021413,0.1752624202302141,0.5726203256396495,0.07685483389992248,2
../../data/files/essay1220.csv,0.3797491418629802,0.2028318521653266,0.3632917195655241,0.05412728640616918,0
../../data/files/essay1221.csv,0.2962831663200353,7.090187180941577E-5,0.703575029936346,7.090187180941577E-5,2
../../data/files/essay1222.csv,0.41188274384995704,0.28027482535679255,0.3027932904982086,0.005049140295041937,0
../../data/files/essay1223.csv,0.2731053604436229,0.06399017905487407,0.6119839802834258,0.05092048021807726,2
../../data/files/essay1224.csv,0.19454681954681952,0.5035679619012952,0.2180551763885097,0.08383004216337549,1
../../data/files/essay1225.csv,0.015065763955005461,0.25573010331817053,0.4426196269261962,0.28658450580062766,2
../../data/files/essay1226.csv,0.32137218183153404,0.48752478519497683,0.021195931556143056,0.16990710141734594,1
../../data/files/essay1227.csv,0.48055029710259245,0.5048706420571069,5.9157595835305265E-5,0.014519903244465476,1
../../data/files/essay1228.csv,0.3446024617431804,0.0648049139815607,0.487768510597852,0.10282411367740708,2
../../data/files/essay1229.csv,0.4022264383472789,0.04385580852305897,0.5043863916455861,0.049531361484076025,2
../../data/files/essay123.csv,0.15985084412391412,0.6083201296690889,0.21676319000528146,0.015065836201715572,1
../../data/files/essay1230.csv,0.3028044780104513,0.40817503909676933,0.2188894610367319,0.07013102185604762,1
../../data/files/essay1231.csv,0.4242535661194926,0.5349535060252395,3.558212354113293E-5,0.040757345731726596,1
../../data/files/essay1232.csv,0.10902017437145174,0.561000439307921,0.08705477831846445,0.2429246080021627,1
../../data/files/essay1233.csv,0.22623050901739428,0.17318701335094777,0.5660091274845374,0.03457335014712065,2
../../data/files/essay1234.csv,0.19196968875882875,0.3771247674271573,0.4295101067577088,0.001395437056305207,2
../../data/files/essay1235.csv,0.5660091274845374,0.3243109349666727,0.08411397345823575,0.025565964090554248,0
../../data/files/essay1236.csv,0.6280875460192348,0.01341653286624824,0.29237013250295985,0.0661257886115571,0
../../data/files/essay1237.csv,0.07165778041074249,0.3966643628225382,0.31027020800421273,0.2214076487625066,1
../../data/files/essay1238.csv,0.2438869327073553,0.7378227699530515,6.287726358148893E-5,0.018227420076011618,1
../../data/files/essay1239.csv,0.523517149030707,0.46721598344441406,6.847439057792387E-5,0.00919839313430111,0
../../data/files/essay124.csv,0.33253880095035326,0.6596084420994169,6.942515967786726E-5,0.007783331790552008,1
../../data/files/essay1240.csv,0.4071578409859369,0.22084558163927187,0.3719655253315668,3.105204322444416E-5,0
../../data/files/essay1241.csv,0.4765351020497071,4.900999803960009E-5,0.4248023263412404,0.09861356161101312,0
../../data/files/essay1242.csv,0.33968072194816384,0.25795258789444836,0.4023226450552032,4.404510218463707E-5,2
../../data/files/essay1243.csv,0.7016499582289056,0.27349624060150374,8.54408749145591E-5,0.02476836029467608,0
../../data/files/essay1244.csv,0.3232683547695606,0.4421724276527332,0.040243167202572344,0.19431605037513394,1
../../data/files/essay1245.csv,0.5289676873446507,0.35444761753662274,1.1899095668729176E-4,0.11646570416203923,0
../../data/files/essay1246.csv,0.017354459344401874,0.9499321519795658,0.006711632609621116,0.026001756066411242,1
../../data/files/essay1247.csv,0.23244740604575165,0.020539726307189546,0.49031096813725483,0.2567018995098039,2
../../data/files/essay1248.csv,0.22928405701027504,0.3833492922820068,0.3873390294503983,2.762125731963319E-5,2
../../data/files/essay1249.csv,0.1353362370487692,0.8579654193889,4.9495149475351414E-5,0.006648848412855541,1
../../data/files/essay125.csv,0.3832445036642239,0.22594196461618182,0.01312088237471315,0.3776926493448812,0
../../data/files/essay1250.csv,1.7229496898690558E-4,0.9688528983842559,0.00782984914618271,0.023144957500574315,1
../../data/files/essay1251.csv,0.43658170622393694,0.34597022487236445,8.76885303402315E-5,0.21736038037335825,0
../../data/files/essay1252.csv,0.10506253994339451,0.8773015003499803,6.847439057792387E-5,0.01756748531604735,1
../../data/files/essay1253.csv,0.6017334325799613,0.03557653268371906,0.36263928361979525,5.075111652456356E-5,0
../../data/files/essay1254.csv,0.6576329834776169,0.10986618657269083,0.23180494905385737,6.958808958349294E-4,0
../../data/files/essay1255.csv,0.32084721938833344,0.5673955428597339,0.10377133918247977,0.007985898569452941,1
../../data/files/essay1256.csv,0.1739985693848355,0.5327361598820827,0.2601606190661985,0.03310465166688342,1
../../data/files/essay1257.csv,0.11957620886192316,0.6259499295213582,6.894649751792611E-5,0.2544049151192008,1
../../data/files/essay1258.csv,0.1711718099992436,0.642013652522502,4.2545949625595654E-5,0.18677199152862867,1
../../data/files/essay1259.csv,0.18317016438403722,0.38279175128886106,0.4339990279296637,3.905639743790033E-5,2
../../data/files/essay126.csv,0.4824732616077948,0.11987844742771908,0.3959900345932909,0.0016582563711955312,0
../../data/files/essay1260.csv,0.6305859225163023,7.192174913693901E-5,0.36927023398542386,7.192174913693901E-5,0
../../data/files/essay1261.csv,0.506720687891574,0.055211929420790194,0.437196330392533,8.710522951029281E-4,0
../../data/files/essay1262.csv,0.42655023675163783,0.04466660180320425,0.528710190049945,7.297139521307647E-5,2
../../data/files/essay1263.csv,0.4112274930747923,0.2799370960295475,0.24242555401662053,0.0664098568790397,0
../../data/files/essay1264.csv,0.21293586646847515,0.43319165737643994,0.15061392914653782,0.20325854700854695,1
../../data/files/essay1265.csv,0.42013986670421477,0.5288729309427704,8.526549641728466E-4,0.05013454738884196,1
../../data/files/essay1266.csv,0.2634177088794029,0.06246411542974111,0.26092139094835115,0.4131967847425049,3
../../data/files/essay1267.csv,0.005921360326050645,0.7575749983296587,0.015108238123872523,0.22139540322041829,1
../../data/files/essay1268.csv,0.5278740946216675,0.42834668926901937,5.779010633379565E-5,0.043721426002979395,0
../../data/files/essay1269.csv,0.83003661050686,7.99744081893794E-5,0.16358320892869838,0.006300206156252221,0
../../data/files/essay127.csv,8.76885303402315E-5,0.5408336256284345,0.3206379827740753,0.13844070306714995,1
../../data/files/essay1270.csv,0.04707098670494549,0.7921408797293142,0.01716565842988482,0.14362247513585563,1
../../data/files/essay1271.csv,0.2653376776268882,0.20771775356911903,0.4075220945464192,0.1194224742575735,2
../../data/files/essay1272.csv,0.6385122083140163,0.03775498377375985,0.290807062277855,0.03292574563436871,0
../../data/files/essay1273.csv,0.39644643550893555,0.5888755341880344,5.463286713286714E-5,0.014623397435897436,1
../../data/files/essay1274.csv,0.03708139507972876,0.8019683399291814,5.207248489897938E-5,0.16089819250619086,1
../../data/files/essay1275.csv,0.6254436077209383,0.041901093511064955,0.17822931994575725,0.15442597882223952,0
../../data/files/essay1276.csv,0.17067437521480827,0.37013919575784365,0.43396793833161496,0.025218490695733294,2
../../data/files/essay1277.csv,0.4593840057636887,0.49440642010886965,9.005763688760805E-5,0.046119516490553965,1
../../data/files/essay1278.csv,0.5583468552001236,0.008779554937413073,0.4086404728789985,0.0242331169834647,0
../../data/files/essay1279.csv,0.11876211636062645,4.900999803960009E-5,0.8789616415082011,0.002227232133132938,2
../../data/files/essay128.csv,0.41544943156302444,0.44263040960552136,0.14068519700300175,0.0012349618284525747,1
../../data/files/essay1280.csv,0.38558546785154213,0.18883225881396296,0.41244845211128545,0.01313382122320962,2
../../data/files/essay1281.csv,0.025769415988092112,0.5221138691883374,0.3065022765081867,0.14561443831538395,1
../../data/files/essay1282.csv,0.25853492001560674,0.20759634976373176,0.4059316339359258,0.12793709628473576,2
../../data/files/essay1283.csv,0.16804167005337453,0.5507396569942291,0.0054796932997371916,0.27573897965265926,1
../../data/files/essay1284.csv,0.2389801410541945,0.39699589623030596,0.32610791470758055,0.03791604800791884,1
../../data/files/essay1285.csv,0.010096461735510728,0.9346882004482868,9.005763688760805E-5,0.05512528017931476,1
../../data/files/essay1286.csv,0.001862101954352877,0.003570452371190377,0.9465798824654913,0.04798756320896543,2
../../data/files/essay1287.csv,0.22058141076637494,0.7741481039512066,0.0051213206046141595,1.4916467780429592E-4,1
../../data/files/essay1288.csv,0.3634725164783428,0.02728489877589454,0.259747233992467,0.3494953507532957,0
../../data/files/essay1289.csv,0.1529038255498834,0.349065670889267,0.48220363017583673,0.015826873385012916,2
../../data/files/essay129.csv,0.25,0.25,0.25,0.25,0
../../data/files/essay1290.csv,0.3858765318156181,0.33032952195388743,0.22778119605530772,0.05601275017518671,0
../../data/files/essay1291.csv,0.04318591703912804,0.35618416581719337,0.0039794558143181995,0.5966504613293604,3
../../data/files/essay1292.csv,0.0126161302384445,0.7298911323956624,0.16074510311502285,0.09674763425087007,1
../../data/files/essay1293.csv,0.7220334088586788,0.21890132835754586,0.058965302767781745,9.996001599360256E-5,0
../../data/files/essay1294.csv,0.15138067061143987,0.6002686526559207,0.13154344918270647,0.11680722754993313,1
../../data/files/essay1295.csv,0.2253590537876654,0.7572905910698082,0.00398166400700898,0.013368691135517382,1
../../data/files/essay1296.csv,0.2787423516115203,0.6051385478779374,0.11505709497642153,0.0010620055341205809,1
../../data/files/essay1297.csv,0.2222295786252354,0.049354107815442555,0.7254075447269305,0.0030087688323917135,2
../../data/files/essay1298.csv,0.460035950339407,0.31936070918185067,0.12565313504823153,0.09495020543051089,0
../../data/files/essay1299.csv,0.04565390749601275,0.42159375712007285,0.07508354218880536,0.45766879319510895,3
../../data/files/essay13.csv,0.34393635146647195,0.08076244371425095,0.27243823779968357,0.30286296701959353,0
../../data/files/essay130.csv,4.974134500596896E-5,0.7931478533846222,0.15258986602997748,0.054212539240394396,1
../../data/files/essay1300.csv,0.1235540164829709,0.23153733492205342,0.4617776288352696,0.18313101975970608,2
../../data/files/essay1301.csv,0.1605909127854995,0.8338684331734808,6.096074128261399E-5,0.005479693299737195,1
../../data/files/essay1302.csv,0.5314377303245998,0.10233984552476147,0.36610883941642686,1.1358473421172195E-4,0
../../data/files/essay1303.csv,0.01269822264793529,0.37388915495955727,0.5282101426138782,0.0852024797786292,2
../../data/files/essay1304.csv,0.4018654035246956,0.505866613720596,0.006660804780273807,0.0856071779744346,1
../../data/files/essay1305.csv,0.7260451871323068,0.2722962823882839,4.693954187007135E-5,0.0016115909375391158,0
../../data/files/essay1306.csv,0.49032037148393137,0.31075866907195837,0.1687796485601657,0.030141310883944686,0
../../data/files/essay1307.csv,0.5328495630461921,0.33183594911123,0.1267351822127103,0.008579305629867428,0
../../data/files/essay1308.csv,0.03186941971846252,0.3421296860816432,0.571776477123386,0.05422441707650829,2
../../data/files/essay1309.csv,0.37101013707869623,0.0853468626634133,0.12998174929080125,0.41366125096708933,3
../../data/files/essay131.csv,0.5854042859715468,0.0016357524461252167,0.28826760309742483,0.12469235848490305,0
../../data/files/essay1310.csv,0.14016242412981542,0.23770980428589125,0.525319738634956,0.09680803294933729,2
../../data/files/essay1311.csv,0.3344671589406992,0.42448949359587945,0.19620500782472616,0.04483833963869518,1
../../data/files/essay1312.csv,0.28823163022460213,0.4825273315484159,4.1834002677376177E-5,0.22919920422430462,1
../../data/files/essay1313.csv,0.4349864437415274,0.001939298087061304,0.5623901692021891,6.840889692222721E-4,2
../../data/files/essay1314.csv,0.3578698155915052,0.20308651221623059,3.744757339724386E-5,0.4390062246188669,3
../../data/files/essay1315.csv,0.5388860036354194,0.3491805880146571,0.002228858305202112,0.10970455004472142,0
../../data/files/essay1316.csv,9.342301943198804E-5,0.7516297126723136,9.342301943198804E-5,0.24818344128882242,1
../../data/files/essay1317.csv,5.8809691837214774E-5,0.07128388091690845,0.06540291173318698,0.8632543976580673,3
../../data/files/essay1318.csv,0.42028243792024494,0.5317929898142599,3.744757339724386E-5,0.04788712469209772,1
../../data/files/essay1319.csv,0.5128074976459511,0.027284898775894545,0.4583701153483994,0.001537488229755179,0
../../data/files/essay132.csv,0.04486985281122978,0.5340263576459896,5.6805271529197925E-5,0.42104698427125153,1
../../data/files/essay1320.csv,0.5159538218296806,0.3592097372151347,0.11864164213280996,0.0061947988223748805,0
../../data/files/essay1321.csv,0.12993915777960074,0.35325517272810136,0.5076394585726005,0.009166210919697387,2
../../data/files/essay1322.csv,0.20716598885374302,0.5498380780237988,0.059051312948737236,0.18394462017372096,1
../../data/files/essay1323.csv,0.6020350049732088,0.029313857605801005,0.36460438925786887,0.004046748163121249,0
../../data/files/essay1324.csv,0.4811485104206624,0.4076285001917913,0.01845192430635469,0.09277106508119166,0
